data/2024_10_7/ionex/IGS0OPSRAP_20241920000_01D_02H_GIM.INX
     1.0            IONOSPHERE MAPS     MIX                 IONEX VERSION / TYPE
tecrms2ionex_2.awk  SRRC/UWM           07/12/24 1107UT      PGM / RUN BY / DATE
Global ionosphere maps for day 192, 2024 (10- 7-2024)       DESCRIPTION
IONEX file containing the COMBINED IGS Ionosphere maps      DESCRIPTION
from the combination of all available IAACS                 DESCRIPTION
Contact address: Andrzej Krankowski                         DESCRIPTION
                 Space Radio-Diagnostics Research Centre    DESCRIPTION
                 University of Warmia and Mazury (SRRC/UWM) DESCRIPTION
                 Oczapowski St. 1                           DESCRIPTION
                 10-957-Olsztyn, POLAND                     DESCRIPTION
                 e-mail:  kand@uwm.edu.pl                   DESCRIPTION
                                                            DESCRIPTION
  2024     7    10     0     0     0                        EPOCH OF FIRST MAP
  2024     7    11     0     0     0                        EPOCH OF LAST MAP
  7200                                                      INTERVAL
    13                                                      # OF MAPS IN FILE
  COSZ                                                      MAPPING FUNCTION
     0.0                                                    ELEVATION CUTOFF
Combined TEC calculated as weighted mean of input TEC valuesOBSERVABLES USED
   262                                                      # OF STATIONS
    31                                                      # OF SATELLITES
  6371.0                                                    BASE RADIUS
     2                                                      MAP DIMENSION
   450.0 450.0   0.0                                        HGT1 / HGT2 / DHGT
    87.5 -87.5  -2.5                                        LAT1 / LAT2 / DLAT
  -180.0 180.0   5.0                                        LON1 / LON2 / DLON
    -1                                                      EXPONENT
TEC values in  0.1 TECUs; 9999 if no value available        COMMENT
DCB values in nanoseconds, reference is Sum_of_SatDCBs = 0  COMMENT
                                                            END OF HEADER
[from data line 5148]
    13                                                      START OF TEC MAP
  2024     7    11     0     0     0                        EPOCH OF CURRENT MAP
    87.5-180.0 180.0   5.0 450.0                            LAT/LON1/LON2/DLON/H
  233  233  234  235  236  236  236  236  236  237  237  237  237  238  238  238
  238  236  236  235  234  233  230  228  226  225  222  222  221  220  219  218
  218  217  216  216  215  214  214  214  213  213  213  213  213  213  213  214
  214  215  215  216  218  218  220  221  222  223  224  225  225  226  227  228
  228  229  230  231  231  232  233  233  233
    85.0-180.0 180.0   5.0 450.0                            LAT/LON1/LON2/DLON/H
  240  241  242  243  244  245  246  246  247  247  248  248  248  249  248  249
  248  248  247  247  245  242  237  234  232  230  229  227  224  221  218  216
  214  211  209  207  206  204  203  203  202  203  203  205  207  208  210  212
  213  214  215  217  218  219  220  222  222  224  225  227  228  229  230  231
  232  234  235  236  237  238  238  240  240
    82.5-180.0 180.0   5.0 450.0                            LAT/LON1/LON2/DLON/H
  250  252  252  255  256  257  257  259  259  260  261  261  262  262  262  262
  261  260  257  255  252  252  246  243  243  241  238  233  230  226  223  219
  216  213  211  208  207  204  202  200  201  201  202  203  206  209  212  214
  218  220  222  224  225  227  227  229  230  231  232  234  235  236  238  239
  241  242  244  245  246  247  249  249  250
    80.0-180.0 180.0   5.0 450.0                            LAT/LON1/LON2/DLON/H
  260  260  263  265  268  269  271  273  272  271  270  270  273  274  275  273
  273  269  267  264  261  259  254  249  244  242  240  236  231  227  223  221
  218  215  211  208  208  206  206  206  206  206  206  208  211  213  218  221
  225  229  231  234  237  239  240  241  243  243  244  245  246  247  248  249
  251  252  253  255  256  257  257  258  260
    77.5-180.0 180.0   5.0 450.0                            LAT/LON1/LON2/DLON/H
  268  269  272  273  275  276  278  277  277  280  282  282  280  276  273  271
  272  271  270  269  268  264  259  252  249  240  235  232  227  221  218  217
  214  212  210  209  209  208  208  209  211  213  214  216  219  223  227  231
  236  240  244  247  251  253  255  257  258  259  259  260  260  261  262  263
  264  264  264  264  265  265  266  267  268
    75.0-180.0 180.0   5.0 450.0                            LAT/LON1/LON2/DLON/H
  274  275  276  277  280  282  284  286  288  288  287  285  281  278  278  276
  273  272  269  266  261  259  255  250  242  238  235  228  225  221  218  213
  212  214  215  213  215  213  214  215  216  219  222  225  228  233  237  242
  247  252  257  261  265  268  270  272  273  275  275  276  277  277  276  277
  276  275  275  274  274  274  275  275  274
    72.5-180.0 180.0   5.0 450.0                            LAT/LON1/LON2/DLON/H
  279  278  279  282  284  287  289  290  290  290  289  287  284  280  277  274
  272  270  266  260  257  252  250  242  237  230  226  224  222  221  219  215
  214  215  218  220  221  220  221  221  224  225  228  232  235  240  245  250
  258  263  268  274  277  280  283  285  286  289  290  292  293  293  292  291
  289  287  285  283  282  282  283  281  279
    70.0-180.0 180.0   5.0 450.0                            LAT/LON1/LON2/DLON/H
  283  283  283  285  286  288  290  291  292  292  291  290  286  282  278  276
  272  268  264  258  254  249  245  236  232  226  222  221  219  218  219  218
  217  218  221  223  225  225  225  226  227  229  232  235  239  243  250  256
  262  269  276  281  285  289  290  294  296  299  302  304  306  307  307  306
  304  300  297  293  290  290  289  286  283
    67.5-180.0 180.0   5.0 450.0                            LAT/LON1/LON2/DLON/H
  288  286  284  283  284  286  290  291  293  293  292  292  290  287  283  279
  273  272  265  259  254  249  245  238  231  225  221  220  220  220  219  218
  220  222  223  225  227  227  228  228  228  230  232  234  237  242  249  255
  262  271  277  284  288  292  294  297  301  304  310  313  316  319  320  319
  316  313  309  306  301  298  294  292  288
    65.0-180.0 180.0   5.0 450.0                            LAT/LON1/LON2/DLON/H
  293  288  284  282  282  284  287  289  291  293  293  294  293  292  289  282
  280  276  269  263  257  252  250  244  236  231  226  225  226  225  223  223
  222  225  227  227  228  228  228  226  225  226  226  227  231  236  242  249
  257  266  274  281  286  289  294  297  302  307  314  320  325  330  332  331
  329  324  321  316  313  308  303  298  293
    62.5-180.0 180.0   5.0 450.0                            LAT/LON1/LON2/DLON/H
  299  292  287  283  282  284  286  288  290  292  292  293  293  294  292  290
  288  282  279  272  266  262  260  255  249  245  239  238  237  238  233  231
  229  229  230  229  228  226  224  220  218  218  218  217  221  225  230  237
  246  256  267  274  280  284  289  294  301  308  317  324  334  339  343  343
  341  337  333  328  324  318  311  306  299
    60.0-180.0 180.0   5.0 450.0                            LAT/LON1/LON2/DLON/H
  307  299  293  289  286  286  288  289  290  291  291  291  292  294  295  295
  291  290  290  283  279  276  274  271  268  266  261  261  256  253  247  243
  239  235  233  230  228  223  219  213  210  207  207  206  206  211  216  224
  233  246  255  265  271  275  280  288  296  307  320  329  341  348  353  355
  351  350  345  341  335  329  321  314  307
    57.5-180.0 180.0   5.0 450.0                            LAT/LON1/LON2/DLON/H
  317  311  305  300  295  293  292  292  292  292  292  291  292  293  294  295
  294  296  297  294  291  289  287  288  288  287  284  280  276  271  263  256
  251  245  240  232  228  220  214  208  204  201  198  196  197  200  205  213
  222  233  244  254  260  266  272  281  292  306  321  333  346  355  362  365
  363  360  358  353  348  341  333  325  317
    55.0-180.0 180.0   5.0 450.0                            LAT/LON1/LON2/DLON/H
  332  324  319  315  309  304  301  299  297  296  294  293  292  292  293  294
  295  297  299  300  301  300  297  299  303  302  302  298  292  284  277  270
  262  254  245  236  231  221  212  206  200  197  193  191  190  192  196  202
  209  218  232  242  251  257  265  276  288  306  325  337  352  361  368  370
  371  370  368  366  361  355  348  340  332
    52.5-180.0 180.0   5.0 450.0                            LAT/LON1/LON2/DLON/H
  348  341  336  331  325  318  312  307  305  301  299  295  294  292  293  294
  294  297  299  302  304  306  305  309  313  312  313  309  303  295  286  279
  270  260  250  239  233  222  213  207  201  196  191  188  187  186  188  192
  197  207  220  233  244  253  262  274  288  311  330  342  355  363  369  372
  376  378  379  379  376  370  364  357  348
    50.0-180.0 180.0   5.0 450.0                            LAT/LON1/LON2/DLON/H
  369  361  355  350  343  334  326  320  315  309  305  301  298  294  293  294
  296  298  300  304  307  311  313  318  321  320  320  314  309  302  295  287
  277  265  254  243  237  227  219  212  206  199  193  189  185  182  182  185
  191  202  215  228  242  253  262  277  293  315  333  345  354  360  365  371
  379  385  390  392  392  387  381  374  369
    47.5-180.0 180.0   5.0 450.0                            LAT/LON1/LON2/DLON/H
  388  383  376  370  362  352  342  334  326  319  314  309  304  300  298  298
  299  302  304  308  313  318  323  327  328  327  325  319  313  309  302  293
  283  271  261  249  244  235  227  220  213  205  198  192  184  179  179  182
  189  197  211  226  243  256  270  287  300  317  332  342  349  354  360  371
  382  393  403  407  407  404  398  392  388
    45.0-180.0 180.0   5.0 450.0                            LAT/LON1/LON2/DLON/H
  406  405  400  395  387  373  359  348  339  333  327  321  314  311  308  307
  307  309  312  317  323  328  334  337  335  334  329  322  317  312  306  298
  288  278  269  258  254  245  237  230  222  212  202  195  186  180  179  182
  187  197  210  227  244  262  279  292  306  318  327  334  343  352  360  375
  388  403  416  423  425  421  415  409  406
    42.5-180.0 180.0   5.0 450.0                            LAT/LON1/LON2/DLON/H
  421  423  425  422  411  397  380  365  357  348  342  335  328  325  322  320
  319  321  325  330  338  344  347  349  344  340  332  324  319  315  310  303
  294  286  278  269  265  256  249  240  232  224  211  200  191  185  182  183
  189  198  211  226  246  266  285  295  308  319  324  330  340  351  365  383
  399  417  431  442  444  438  431  425  421
    40.0-180.0 180.0   5.0 450.0                            LAT/LON1/LON2/DLON/H
  438  444  447  447  441  427  406  388  375  367  360  353  349  343  341  338
  337  338  344  352  359  364  365  363  354  345  335  329  323  319  315  309
  302  296  290  284  280  272  263  254  245  237  224  210  200  193  189  188
  193  201  211  227  246  269  287  298  309  319  325  331  339  349  370  393
  413  433  447  460  463  456  448  442  438
    37.5-180.0 180.0   5.0 450.0                            LAT/LON1/LON2/DLON/H
  465  469  470  471  468  457  434  414  399  390  381  373  368  365  363  362
  360  363  370  378  382  387  385  380  366  353  344  338  331  327  324  318
  314  310  307  302  298  288  279  269  261  251  237  224  213  204  198  195
  196  200  209  225  247  271  289  300  310  318  326  332  340  351  375  402
  428  448  466  477  482  476  470  465  465
    35.0-180.0 180.0   5.0 450.0                            LAT/LON1/LON2/DLON/H
  494  500  495  492  490  484  468  444  424  418  404  396  390  390  388  389
  388  391  399  406  407  408  406  396  379  364  354  350  344  340  338  332
  330  328  324  320  315  304  295  286  277  265  252  239  227  217  207  202
  197  196  204  224  248  271  288  298  309  317  325  335  341  349  374  405
  434  458  479  494  502  500  501  494  494
    32.5-180.0 180.0   5.0 450.0                            LAT/LON1/LON2/DLON/H
  524  530  524  515  514  513  505  482  458  447  436  426  421  421  414  412
  413  418  425  433  431  429  423  409  391  376  367  365  364  360  356  350
  347  344  341  336  331  319  310  305  296  281  266  253  238  224  213  205
  199  196  202  221  243  263  279  293  308  317  326  337  342  346  364  396
  428  460  487  508  520  527  530  526  524
    30.0-180.0 180.0   5.0 450.0                            LAT/LON1/LON2/DLON/H
  554  560  559  548  545  549  548  531  506  490  475  460  457  459  443  440
  437  441  450  453  450  447  436  419  403  389  380  377  380  381  376  368
  361  358  354  350  344  330  322  318  308  293  278  261  243  227  216  207
  198  195  199  213  232  252  268  285  301  313  324  336  345  347  357  382
  421  456  491  518  539  548  553  555  554
    27.5-180.0 180.0   5.0 450.0                            LAT/LON1/LON2/DLON/H
  588  594  595  589  588  595  602  590  568  548  528  506  496  497  483  473
  461  461  465  465  464  458  444  428  414  405  392  394  399  399  395  380
  370  365  359  351  345  330  322  320  313  300  285  264  245  229  217  207
  198  193  193  201  215  235  253  273  292  307  316  330  342  346  356  375
  410  449  486  520  544  561  574  583  588
    25.0-180.0 180.0   5.0 450.0                            LAT/LON1/LON2/DLON/H
  613  623  623  629  633  645  659  649  633  612  589  564  552  547  527  508
  487  480  477  475  471  463  448  439  428  426  412  414  418  414  405  384
  376  366  353  345  340  321  313  313  309  300  284  263  242  226  216  206
  195  187  184  187  197  215  236  260  283  299  309  321  334  342  354  372
  404  442  481  517  542  565  584  600  613
    22.5-180.0 180.0   5.0 450.0                            LAT/LON1/LON2/DLON/H
  626  641  650  658  671  693  708  710  699  683  654  629  611  599  574  544
  516  499  491  485  479  466  459  456  436  438  424  422  428  420  404  380
  372  363  347  331  329  307  301  300  298  287  271  254  236  222  212  201
  189  179  173  174  181  200  224  250  275  293  305  318  332  342  354  372
  403  439  477  511  539  564  585  607  626
    20.0-180.0 180.0   5.0 450.0                            LAT/LON1/LON2/DLON/H
  631  648  662  674  691  717  745  755  753  746  722  696  673  655  624  589
  546  520  506  499  491  473  469  464  434  427  418  400  402  396  382  360
  349  353  341  318  317  290  281  277  273  263  250  237  223  213  203  191
  180  170  163  160  168  189  216  244  271  292  306  320  334  348  361  380
  410  443  478  511  540  564  588  610  631
    17.5-180.0 180.0   5.0 450.0                            LAT/LON1/LON2/DLON/H
  634  650  664  679  697  725  760  782  792  795  786  763  743  715  672  632
  584  547  528  518  506  485  467  453  429  405  381  357  337  335  331  321
  308  303  311  295  296  264  252  244  237  231  222  212  204  197  188  178
  169  160  153  150  158  180  209  241  272  293  309  323  339  357  375  398
  425  457  488  518  545  567  588  612  634
    15.0-180.0 180.0   5.0 450.0                            LAT/LON1/LON2/DLON/H
  633  651  666  677  696  724  761  794  815  822  824  816  799  776  726  675
  623  578  555  540  522  496  461  437  413  375  336  303  271  256  256  257
  253  245  266  261  260  233  218  207  198  195  188  186  183  178  172  165
  159  152  146  143  150  173  204  238  270  292  309  327  345  371  393  420
  448  478  505  532  555  574  590  611  633
    12.5-180.0 180.0   5.0 450.0                            LAT/LON1/LON2/DLON/H
  632  651  664  674  688  716  755  794  822  836  844  845  844  828  783  721
  663  612  578  556  535  498  450  420  387  338  294  253  218  199  196  191
  197  200  221  225  222  208  189  176  167  162  160  165  166  164  158  154
  149  144  138  134  142  165  196  231  264  291  314  333  353  383  412  443
  474  503  527  550  568  583  595  611  632
    10.0-180.0 180.0   5.0 450.0                            LAT/LON1/LON2/DLON/H
  636  654  664  670  679  701  738  781  812  830  843  850  855  847  809  758
  699  643  602  569  536  489  435  396  354  300  253  211  178  165  157  160
  169  178  185  201  195  190  171  160  153  148  147  151  154  154  150  144
  140  133  129  125  132  153  183  220  257  290  319  343  364  393  427  462
  499  526  550  570  585  596  606  618  636
     7.5-180.0 180.0   5.0 450.0                            LAT/LON1/LON2/DLON/H
  652  665  672  672  672  687  717  757  787  804  816  822  828  823  796  760
  707  654  616  577  529  472  416  364  312  259  216  182  156  149  149  155
  163  169  175  196  189  179  164  155  149  148  148  148  150  148  143  135
  128  122  118  115  121  138  167  207  249  287  322  351  375  407  439  477
  517  546  573  592  608  616  624  639  652
     5.0-180.0 180.0   5.0 450.0                            LAT/LON1/LON2/DLON/H
  677  687  691  684  675  679  697  726  748  765  774  774  780  779  761  735
  695  654  617  574  512  453  389  329  270  225  194  170  154  154  162  169
  177  181  186  192  184  177  162  155  156  157  153  150  147  144  136  126
  118  112  108  105  108  122  154  196  241  282  319  350  380  414  451  486
  526  562  592  614  632  642  651  666  677
     2.5-180.0 180.0   5.0 450.0                            LAT/LON1/LON2/DLON/H
  708  719  718  710  690  681  685  692  702  712  716  711  720  722  713  697
  670  632  598  550  493  430  360  296  240  205  187  179  173  181  192  197
  204  207  208  206  198  184  170  164  168  169  159  152  146  138  127  117
  109  104  101   96   98  112  144  188  232  274  313  344  378  415  450  485
  524  565  601  633  658  675  683  693  708
