data/2024_10_7/ionex/IGS0OPSRAP_20241920000_01D_02H_GIM.INX
     1.0            IONOSPHERE MAPS     MIX                 IONEX VERSION / TYPE
tecrms2ionex_2.awk  SRRC/UWM           07/12/24 1107UT      PGM / RUN BY / DATE
Global ionosphere maps for day 192, 2024 (10- 7-2024)       DESCRIPTION
IONEX file containing the COMBINED IGS Ionosphere maps      DESCRIPTION
from the combination of all available IAACS                 DESCRIPTION
Contact address: Andrzej Krankowski                         DESCRIPTION
                 Space Radio-Diagnostics Research Centre    DESCRIPTION
                 University of Warmia and Mazury (SRRC/UWM) DESCRIPTION
                 Oczapowski St. 1                           DESCRIPTION
                 10-957-Olsztyn, POLAND                     DESCRIPTION
                 e-mail:  kand@uwm.edu.pl                   DESCRIPTION
                                                            DESCRIPTION
  2024     7    10     0     0     0                        EPOCH OF FIRST MAP
  2024     7    11     0     0     0                        EPOCH OF LAST MAP
  7200                                                      INTERVAL
    13                                                      # OF MAPS IN FILE
  COSZ                                                      MAPPING FUNCTION
     0.0                                                    ELEVATION CUTOFF
Combined TEC calculated as weighted mean of input TEC valuesOBSERVABLES USED
   262                                                      # OF STATIONS
    31                                                      # OF SATELLITES
  6371.0                                                    BASE RADIUS
     2                                                      MAP DIMENSION
   450.0 450.0   0.0                                        HGT1 / HGT2 / DHGT
    87.5 -87.5  -2.5                                        LAT1 / LAT2 / DLAT
  -180.0 180.0   5.0                                        LON1 / LON2 / DLON
    -1                                                      EXPONENT
TEC values in  0.1 TECUs; 9999 if no value available        COMMENT
DCB values in nanoseconds, reference is Sum_of_SatDCBs = 0  COMMENT
                                                            END OF HEADER
[from data line 2574]
     7                                                      START OF TEC MAP
  2024     7    10    12     0     0                        EPOCH OF CURRENT MAP
    87.5-180.0 180.0   5.0 450.0                            LAT/LON1/LON2/DLON/H
  221  222  222  221  221  221  221  222  222  222  223  223  224  224  225  226
  226  228  228  229  229  229  229  230  230  229  230  230  231  231  232  232
  232  233  233  234  234  234  234  233  233  234  234  234  233  233  232  231
  231  230  230  230  229  229  228  228  228  227  227  226  226  226  225  224
  225  224  224  224  223  222  222  221  221
    85.0-180.0 180.0   5.0 450.0                            LAT/LON1/LON2/DLON/H
  214  214  213  212  212  212  212  213  214  215  216  216  218  219  221  222
  223  224  226  228  230  231  232  233  232  232  233  234  235  235  236  235
  236  237  237  238  238  238  239  239  239  239  239  238  238  238  237  237
  237  236  236  235  235  234  233  233  233  232  232  230  229  227  225  224
  223  222  221  219  218  217  216  215  214
    82.5-180.0 180.0   5.0 450.0                            LAT/LON1/LON2/DLON/H
  210  209  208  208  208  208  209  209  210  211  212  213  213  215  215  216
  217  220  223  225  227  230  232  233  236  237  237  238  239  241  242  244
  244  246  246  247  247  247  246  245  244  243  243  242  241  241  240  240
  239  238  239  238  238  239  239  240  240  240  238  236  233  232  229  228
  226  223  221  219  217  215  213  211  210
    80.0-180.0 180.0   5.0 450.0                            LAT/LON1/LON2/DLON/H
  210  208  206  204  203  202  201  202  202  203  204  205  207  208  209  211
  212  214  215  216  218  223  230  235  233  234  236  238  241  245  247  250
  251  254  255  254  255  255  255  254  253  251  249  248  247  246  245  244
  243  243  242  243  243  245  247  248  248  249  248  246  242  239  238  235
  232  229  226  222  219  217  214  212  210
    77.5-180.0 180.0   5.0 450.0                            LAT/LON1/LON2/DLON/H
  211  208  205  201  199  198  197  198  196  197  199  200  200  202  205  208
  210  212  214  218  221  223  225  228  234  237  238  240  244  248  253  256
  259  263  265  266  265  264  262  260  259  257  255  253  252  251  251  250
  249  250  250  251  253  255  257  258  259  259  258  257  254  251  248  245
  240  237  232  228  224  221  217  214  211
    75.0-180.0 180.0   5.0 450.0                            LAT/LON1/LON2/DLON/H
  213  209  206  202  199  197  195  194  195  197  196  197  200  203  204  205
  208  212  215  217  219  221  224  226  231  236  239  243  246  250  257  261
  265  267  269  270  270  269  267  265  264  262  260  258  256  256  255  255
  257  257  259  260  262  265  267  269  270  270  269  267  264  261  258  254
  250  245  240  234  229  225  221  217  213
    72.5-180.0 180.0   5.0 450.0                            LAT/LON1/LON2/DLON/H
  215  211  207  204  202  198  197  196  196  196  198  200  199  201  205  207
  210  212  214  216  218  222  224  229  232  237  242  245  248  254  260  265
  270  273  274  275  275  275  274  272  271  269  267  265  263  262  261  262
  263  265  266  269  270  274  276  277  278  278  277  276  273  270  266  261
  256  251  245  240  234  229  224  219  215
    70.0-180.0 180.0   5.0 450.0                            LAT/LON1/LON2/DLON/H
  218  214  210  206  203  201  200  198  198  199  198  201  204  208  210  211
  211  214  216  216  220  224  226  232  237  240  246  249  252  256  263  268
  272  275  278  278  279  279  280  278  276  276  274  271  269  269  269  268
  270  271  272  274  277  279  281  282  282  281  280  278  275  271  267  263
  258  253  248  244  238  234  228  221  218
    67.5-180.0 180.0   5.0 450.0                            LAT/LON1/LON2/DLON/H
  222  217  212  209  207  204  202  200  200  200  203  207  211  213  213  213
  214  217  216  218  223  228  232  237  244  248  251  254  257  261  266  270
  274  278  281  283  283  284  284  283  281  280  279  276  274  274  274  274
  275  276  277  277  279  280  280  280  280  278  276  273  270  266  262  259
  256  252  248  245  242  238  233  226  222
    65.0-180.0 180.0   5.0 450.0                            LAT/LON1/LON2/DLON/H
  226  220  214  210  207  204  202  202  203  205  208  211  214  215  215  216
  216  218  218  222  228  235  240  246  250  255  257  261  263  265  270  274
  278  281  284  287  288  288  287  286  284  282  281  280  279  278  279  279
  279  279  278  278  277  277  275  273  271  268  266  263  260  255  252  250
  247  245  244  243  241  240  234  228  226
    62.5-180.0 180.0   5.0 450.0                            LAT/LON1/LON2/DLON/H
  225  219  213  208  203  200  200  201  202  205  209  213  215  217  217  217
  218  220  222  229  235  242  249  254  257  262  265  268  270  272  276  280
  283  286  288  291  292  293  291  290  288  286  284  284  284  284  284  283
  282  281  279  276  273  270  267  264  260  257  254  252  248  245  242  239
  238  237  237  237  238  236  233  228  225
    60.0-180.0 180.0   5.0 450.0                            LAT/LON1/LON2/DLON/H
  225  218  212  205  199  197  197  196  198  202  206  210  213  217  218  219
  221  223  228  233  239  247  255  261  265  270  272  275  278  281  284  287
  290  292  294  295  297  298  297  295  294  292  291  291  291  290  289  287
  286  283  280  275  270  265  261  257  252  249  246  245  242  238  235  233
  232  231  231  232  233  232  230  227  225
    57.5-180.0 180.0   5.0 450.0                            LAT/LON1/LON2/DLON/H
  224  216  209  203  198  195  192  191  190  192  196  199  205  212  215  219
  221  225  230  237  244  254  261  266  272  276  279  283  286  289  293  296
  298  300  301  304  305  305  305  305  303  302  302  300  299  299  297  294
  291  288  284  277  270  264  260  256  252  249  247  245  243  240  235  233
  231  231  230  231  232  231  230  226  224
    55.0-180.0 180.0   5.0 450.0                            LAT/LON1/LON2/DLON/H
  227  216  209  202  196  191  187  183  180  180  183  186  194  202  209  214
  218  223  231  240  250  260  267  272  277  282  285  290  294  298  303  307
  310  311  313  315  317  318  318  318  316  315  315  313  311  309  306  302
  298  293  287  281  273  268  265  263  261  260  259  257  254  250  245  242
  239  238  237  236  236  234  232  230  227
    52.5-180.0 180.0   5.0 450.0                            LAT/LON1/LON2/DLON/H
  228  219  210  201  194  189  183  177  172  170  173  177  183  192  200  208
  214  221  230  242  255  264  272  277  281  286  291  297  303  311  318  322
  324  326  329  331  332  334  336  335  335  333  332  327  325  320  316  312
  307  300  294  288  282  279  277  278  278  279  279  276  273  269  263  259
  254  251  249  247  244  241  238  233  228
    50.0-180.0 180.0   5.0 450.0                            LAT/LON1/LON2/DLON/H
  234  223  213  205  196  190  183  176  170  166  166  168  175  184  194  203
  212  220  232  245  259  269  276  281  285  290  297  306  316  325  333  338
  341  344  349  352  354  356  358  355  355  354  350  347  342  336  329  323
  316  310  303  298  295  295  295  296  297  299  299  296  293  290  284  279
  274  269  265  263  258  252  247  240  234
    47.5-180.0 180.0   5.0 450.0                            LAT/LON1/LON2/DLON/H
  240  229  218  209  201  193  186  179  172  167  164  165  171  179  188  200
  210  220  233  250  263  274  280  284  288  296  304  317  330  342  351  357
  361  367  372  374  378  381  383  381  380  377  373  367  360  352  343  336
  328  321  314  309  309  312  314  317  317  317  316  313  309  307  302  296
  291  285  281  277  271  264  257  248  240
    45.0-180.0 180.0   5.0 450.0                            LAT/LON1/LON2/DLON/H
  245  234  224  214  206  198  190  183  176  170  165  164  169  177  188  199
  209  221  235  252  266  277  284  288  293  301  314  329  346  359  372  381
  386  394  399  404  407  410  412  412  409  405  399  389  380  368  358  352
  343  335  329  325  326  330  333  334  333  330  326  321  318  316  312  307
  302  297  292  287  281  273  266  254  245
    42.5-180.0 180.0   5.0 450.0                            LAT/LON1/LON2/DLON/H
  253  237  228  220  213  205  196  189  183  177  169  168  172  179  189  199
  212  223  237  253  267  279  286  291  297  307  324  344  363  378  394  408
  416  425  430  433  437  440  441  441  439  434  426  414  401  387  376  368
  359  353  346  345  345  348  349  347  343  336  327  319  314  314  312  309
  303  300  296  292  286  279  271  261  253
    40.0-180.0 180.0   5.0 450.0                            LAT/LON1/LON2/DLON/H
  256  240  230  223  217  211  202  196  190  185  178  176  178  183  191  202
  214  226  241  256  269  281  288  294  301  313  334  359  380  400  417  431
  446  454  462  465  469  472  475  472  468  462  453  441  428  412  397  386
  378  373  366  366  366  365  364  360  351  338  325  314  308  306  305  303
  299  296  293  290  286  281  275  264  256
    37.5-180.0 180.0   5.0 450.0                            LAT/LON1/LON2/DLON/H
  256  239  229  222  217  212  206  202  198  195  191  187  187  189  196  205
  216  230  245  260  273  285  291  298  306  320  343  371  395  417  436  452
  469  483  491  495  500  503  506  503  500  494  479  468  456  440  421  406
  397  393  389  389  388  383  379  373  361  345  328  315  306  301  300  298
  294  292  289  287  283  278  273  263  256
    35.0-180.0 180.0   5.0 450.0                            LAT/LON1/LON2/DLON/H
  257  239  227  219  214  211  207  206  207  205  204  200  199  199  202  209
  219  234  250  265  280  291  298  303  311  327  350  379  404  426  447  467
  489  506  517  526  531  534  534  533  531  522  507  496  485  470  449  433
  421  417  414  415  413  407  401  392  378  361  342  325  312  306  302  299
  296  294  291  288  284  280  274  265  257
    32.5-180.0 180.0   5.0 450.0                            LAT/LON1/LON2/DLON/H
  262  242  227  217  212  208  205  206  211  214  216  212  211  208  210  213
  223  240  257  274  290  300  306  310  317  331  353  380  405  427  451  479
  506  529  542  554  560  564  562  560  556  546  532  526  514  496  477  459
  448  446  443  444  444  439  433  422  408  391  369  348  333  323  316  312
  308  305  300  297  293  288  281  271  262
    30.0-180.0 180.0   5.0 450.0                            LAT/LON1/LON2/DLON/H
  274  252  234  222  215  209  206  206  210  219  224  223  221  217  216  218
  227  244  264  284  303  311  314  316  320  331  349  375  399  424  451  485
  519  547  566  580  587  589  583  578  572  562  555  550  538  525  507  488
  480  480  481  481  482  479  475  466  453  436  411  387  367  354  343  337
  331  327  321  314  308  303  297  286  274
    27.5-180.0 180.0   5.0 450.0                            LAT/LON1/LON2/DLON/H
  293  268  249  234  223  215  211  208  211  219  228  230  228  225  221  222
  230  248  269  292  315  323  324  322  323  330  345  370  395  421  454  491
  529  561  590  605  609  605  597  590  581  572  567  564  556  550  535  522
  517  521  524  529  530  526  528  521  510  490  460  432  409  395  381  369
  363  358  350  341  333  327  319  307  293
    25.0-180.0 180.0   5.0 450.0                            LAT/LON1/LON2/DLON/H
  314  291  269  251  236  225  218  215  215  220  230  235  234  229  224  224
  232  251  277  303  326  334  332  328  326  330  343  366  394  423  457  498
  542  576  605  622  624  617  611  600  586  575  573  574  571  570  562  559
  564  568  578  583  584  581  585  580  570  546  511  478  451  433  418  404
  397  388  383  371  361  354  346  331  314
    22.5-180.0 180.0   5.0 450.0                            LAT/LON1/LON2/DLON/H
  341  313  291  270  252  238  229  223  222  227  234  239  238  233  227  226
  235  255  284  312  334  340  337  332  329  332  343  363  391  426  463  507
  554  591  617  632  630  626  623  607  589  579  580  585  588  589  593  592
  609  624  630  634  635  633  634  628  614  584  545  507  476  454  438  423
  411  405  403  396  388  381  373  360  341
    20.0-180.0 180.0   5.0 450.0                            LAT/LON1/LON2/DLON/H
  362  333  311  291  266  249  239  234  231  236  238  241  242  237  230  229
  238  260  287  315  336  341  339  336  333  338  350  369  399  435  474  520
  566  603  625  633  631  629  622  606  593  589  594  603  610  614  624  636
  650  664  667  665  665  664  658  647  625  585  542  498  464  440  422  405
  395  395  396  400  400  396  391  379  362
    17.5-180.0 180.0   5.0 450.0                            LAT/LON1/LON2/DLON/H
  366  345  326  307  281  260  250  246  243  244  244  244  246  241  234  233
  241  262  288  315  334  340  338  335  337  346  360  383  411  446  487  536
  578  613  630  630  627  624  617  608  602  603  614  625  629  637  650  665
  674  682  681  676  672  666  656  637  606  564  511  462  424  398  383  366
  358  357  363  372  374  381  384  378  366
    15.0-180.0 180.0   5.0 450.0                            LAT/LON1/LON2/DLON/H
  345  340  329  315  291  270  260  256  254  252  250  249  248  243  237  235
  242  260  284  309  328  335  333  334  341  353  373  397  424  462  509  552
  592  623  636  633  627  624  620  618  616  622  631  641  649  658  667  676
  682  683  680  674  667  657  643  614  575  527  469  416  374  348  335  319
  314  313  318  325  333  341  348  350  345
    12.5-180.0 180.0   5.0 450.0                            LAT/LON1/LON2/DLON/H
  312  319  317  308  292  276  267  263  261  258  254  250  248  242  237  233
  240  254  274  296  315  325  327  334  345  361  384  411  440  484  532  570
  607  633  643  642  636  631  631  633  637  643  651  656  663  670  675  677
  680  675  668  661  652  641  623  590  546  488  429  376  336  307  292  278
  277  274  275  279  288  294  302  310  312
    10.0-180.0 180.0   5.0 450.0                            LAT/LON1/LON2/DLON/H
  273  287  294  292  283  274  269  267  266  262  255  248  244  236  230  226
  229  239  256  275  297  311  322  332  349  371  396  427  460  505  551  588
  622  645  656  654  648  645  648  653  659  663  666  668  671  675  675  672
  669  658  646  641  632  623  602  567  520  462  404  357  320  292  274  260
  257  252  248  248  252  254  259  266  273
     7.5-180.0 180.0   5.0 450.0                            LAT/LON1/LON2/DLON/H
  241  258  267  273  272  270  268  267  267  263  253  245  236  228  219  213
  212  217  233  254  278  298  316  333  355  382  410  445  480  523  564  603
  638  660  672  669  666  663  668  671  676  678  677  673  672  670  665  657
  646  636  621  618  612  602  582  550  507  457  407  366  332  308  288  276
  268  260  253  247  240  232  230  234  241
     5.0-180.0 180.0   5.0 450.0                            LAT/LON1/LON2/DLON/H
  227  237  245  254  259  263  263  263  264  260  250  239  227  216  207  199
  194  196  210  233  261  288  312  336  364  395  426  459  494  533  573  614
  653  674  686  685  683  683  688  685  686  683  674  667  663  655  647  636
  619  606  598  591  590  584  567  544  511  473  435  400  369  349  330  321
  307  298  289  278  264  243  227  223  227
     2.5-180.0 180.0   5.0 450.0                            LAT/LON1/LON2/DLON/H
  236  233  235  240  249  254  255  255  255  253  244  230  216  202  192  184
  178  177  189  213  246  278  309  340  372  405  438  470  502  537  574  613
  657  678  688  692  691  696  697  689  682  671  656  645  638  626  618  606
  590  578  574  572  574  570  559  546  525  500  473  449  424  409  393  386
  368  359  351  335  315  284  255  239  236
