data/2024_10_7/ionex/IGS0OPSRAP_20241920000_01D_02H_GIM.INX
     1.0            IONOSPHERE MAPS     MIX                 IONEX VERSION / TYPE
tecrms2ionex_2.awk  SRRC/UWM           07/12/24 1107UT      PGM / RUN BY / DATE
Global ionosphere maps for day 192, 2024 (10- 7-2024)       DESCRIPTION
IONEX file containing the COMBINED IGS Ionosphere maps      DESCRIPTION
from the combination of all available IAACS                 DESCRIPTION
Contact address: Andrzej Krankowski                         DESCRIPTION
                 Space Radio-Diagnostics Research Centre    DESCRIPTION
                 University of Warmia and Mazury (SRRC/UWM) DESCRIPTION
                 Oczapowski St. 1                           DESCRIPTION
                 10-957-Olsztyn, POLAND                     DESCRIPTION
                 e-mail:  kand@uwm.edu.pl                   DESCRIPTION
                                                            DESCRIPTION
  2024     7    10     0     0     0                        EPOCH OF FIRST MAP
  2024     7    11     0     0     0                        EPOCH OF LAST MAP
  7200                                                      INTERVAL
    13                                                      # OF MAPS IN FILE
  COSZ                                                      MAPPING FUNCTION
     0.0                                                    ELEVATION CUTOFF
Combined TEC calculated as weighted mean of input TEC valuesOBSERVABLES USED
   262                                                      # OF STATIONS
    31                                                      # OF SATELLITES
  6371.0                                                    BASE RADIUS
     2                                                      MAP DIMENSION
   450.0 450.0   0.0                                        HGT1 / HGT2 / DHGT
    87.5 -87.5  -2.5                                        LAT1 / LAT2 / DLAT
  -180.0 180.0   5.0                                        LON1 / LON2 / DLON
    -1                                                      EXPONENT
TEC values in  0.1 TECUs; 9999 if no value available        COMMENT
DCB values in nanoseconds, reference is Sum_of_SatDCBs = 0  COMMENT
                                                            END OF HEADER
     1                                                      START OF TEC MAP
  2024     7    10     0     0     0                        EPOCH OF CURRENT MAP
    87.5-180.0 180.0   5.0 450.0                            LAT/LON1/LON2/DLON/H
  233  233  234  234  235  236  236  236  236  236  236  235  236  235  235  234
  233  232  231  231  229  229  227  226  225  224  222  221  220  219  218  218
  217  216  215  214  213  212  212  212  211  211  211  211  211  211  212  212
  213  214  214  214  215  216  217  218  219  220  221  221  223  224  225  226
  227  228  229  229  230  231  232  232  233
    85.0-180.0 180.0   5.0 450.0                            LAT/LON1/LON2/DLON/H
  240  242  242  243  245  245  246  247  247  248  248  248  247  247  247  245
  244  242  240  238  237  235  232  229  227  226  224  222  219  217  213  211
  209  207  206  204  203  203  202  202  202  202  203  203  205  206  206  207
  208  208  209  210  211  213  215  217  218  221  223  224  226  228  228  230
  231  232  233  235  236  237  238  239  240
    82.5-180.0 180.0   5.0 450.0                            LAT/LON1/LON2/DLON/H
  248  249  251  252  254  254  256  257  258  258  259  259  258  258  256  256
  254  252  249  246  242  241  237  235  234  229  224  219  215  211  208  205
  203  199  197  195  195  194  194  195  195  196  197  199  201  201  203  205
  206  207  209  210  212  214  216  219  221  223  226  227  230  232  234  235
  236  238  239  240  241  243  244  246  248
    80.0-180.0 180.0   5.0 450.0                            LAT/LON1/LON2/DLON/H
  252  254  255  256  257  258  259  260  261  261  261  260  260  259  258  257
  256  255  255  255  253  246  240  237  232  226  220  216  211  207  203  200
  197  194  192  190  189  187  188  190  192  194  196  199  201  203  204  206
  207  210  211  213  215  218  221  223  225  228  230  232  234  236  238  240
  241  242  243  244  246  247  249  250  252
    77.5-180.0 180.0   5.0 450.0                            LAT/LON1/LON2/DLON/H
  255  257  259  261  264  266  269  268  266  268  266  266  267  264  262  261
  259  254  249  247  246  245  237  232  230  224  220  216  211  205  200  197
  194  190  188  186  186  187  187  189  190  194  197  201  205  208  211  212
  213  215  218  220  222  224  226  228  231  232  234  236  238  240  241  243
  244  245  246  247  249  251  252  254  255
    75.0-180.0 180.0   5.0 450.0                            LAT/LON1/LON2/DLON/H
  258  260  263  267  270  271  272  274  273  273  273  271  269  266  261  255
  254  253  251  248  243  238  234  228  223  221  219  213  208  203  197  192
  190  188  186  185  185  186  189  191  194  196  200  204  209  213  217  218
  219  222  225  226  228  230  231  234  235  237  238  239  241  243  244  246
  247  247  248  249  251  253  254  256  258
    72.5-180.0 180.0   5.0 450.0                            LAT/LON1/LON2/DLON/H
  258  261  265  268  271  274  276  277  277  277  275  271  267  262  258  256
  254  250  246  241  234  232  229  224  221  215  212  209  204  200  195  192
  188  185  184  185  186  189  192  195  198  201  204  207  212  217  220  223
  224  227  230  233  234  236  238  239  240  240  241  243  245  247  248  249
  249  249  249  251  252  253  255  257  258
    70.0-180.0 180.0   5.0 450.0                            LAT/LON1/LON2/DLON/H
  259  261  264  266  270  274  276  277  278  278  276  273  268  263  260  255
  251  246  241  238  229  227  225  220  216  214  209  205  201  198  194  191
  189  187  186  187  189  191  195  199  202  204  207  210  214  216  221  224
  227  230  234  237  239  240  241  241  242  243  243  246  248  250  251  252
  252  252  252  252  254  255  256  257  259
    67.5-180.0 180.0   5.0 450.0                            LAT/LON1/LON2/DLON/H
  261  262  263  266  268  272  274  276  278  279  278  275  271  267  262  256
  250  245  241  236  229  224  221  218  215  214  210  206  202  199  196  194
  192  191  191  192  193  195  197  200  202  204  206  208  210  214  218  223
  227  232  236  239  241  241  242  242  243  244  246  248  251  252  253  254
  254  254  255  256  257  259  259  260  261
    65.0-180.0 180.0   5.0 450.0                            LAT/LON1/LON2/DLON/H
  264  265  266  266  267  269  273  275  277  279  280  278  275  273  266  260
  254  249  244  237  231  225  223  220  218  217  214  211  207  203  202  200
  198  197  196  197  197  197  197  199  199  198  198  200  202  206  211  217
  224  231  235  239  241  242  243  244  246  247  248  250  252  254  254  256
  257  258  259  260  262  264  263  263  264
    62.5-180.0 180.0   5.0 450.0                            LAT/LON1/LON2/DLON/H
  269  271  272  270  268  269  272  274  277  280  281  282  281  278  273  267
  262  258  251  243  239  233  230  227  226  225  224  222  218  214  211  209
  207  205  202  201  201  199  197  195  193  192  191  191  194  197  202  210
  217  227  234  239  242  245  248  249  251  252  252  252  254  255  256  258
  259  261  263  265  268  269  268  268  269
    60.0-180.0 180.0   5.0 450.0                            LAT/LON1/LON2/DLON/H
  276  277  276  274  270  269  271  274  277  279  282  285  284  283  280  274
  270  268  263  255  250  245  241  240  239  239  237  237  232  228  223  219
  215  211  209  206  203  199  195  191  187  184  184  184  186  189  195  203
  212  223  232  240  246  249  253  259  259  258  256  255  256  257  258  259
  261  263  266  269  272  274  274  275  276
    57.5-180.0 180.0   5.0 450.0                            LAT/LON1/LON2/DLON/H
  285  285  284  279  273  272  272  276  278  280  284  287  287  286  284  281
  279  277  273  267  264  259  256  255  257  256  254  253  248  242  236  229
  224  219  215  209  205  197  192  187  183  180  178  177  179  182  188  196
  207  218  231  243  250  256  261  266  266  265  261  260  258  260  260  261
  262  264  266  270  275  278  282  284  285
    55.0-180.0 180.0   5.0 450.0                            LAT/LON1/LON2/DLON/H
  293  292  293  286  280  278  276  279  282  284  288  291  290  289  287  286
  284  283  280  277  274  271  270  270  271  271  269  266  260  253  246  240
  233  227  220  212  206  198  191  185  180  177  174  173  173  176  182  190
  200  214  229  242  255  264  269  272  272  271  268  266  263  263  262  262
  262  263  266  270  277  281  288  291  293
    52.5-180.0 180.0   5.0 450.0                            LAT/LON1/LON2/DLON/H
  299  301  300  295  290  287  284  286  289  292  294  295  294  293  290  289
  288  287  285  284  283  281  280  281  281  281  278  274  269  262  255  248
  242  235  225  215  208  199  191  185  181  177  174  172  171  173  177  183
  194  209  225  243  260  271  279  283  283  281  279  276  272  270  267  266
  264  265  268  270  277  283  290  295  299
    50.0-180.0 180.0   5.0 450.0                            LAT/LON1/LON2/DLON/H
  304  308  309  303  301  298  295  298  300  302  303  301  300  297  294  294
  292  291  291  290  290  290  289  290  289  288  285  280  275  269  264  257
  251  242  232  221  213  203  195  189  184  181  178  175  173  173  175  180
  189  205  222  245  266  282  292  297  297  296  293  290  286  280  276  274
  271  270  271  271  275  281  289  296  304
    47.5-180.0 180.0   5.0 450.0                            LAT/LON1/LON2/DLON/H
  306  314  317  315  313  313  314  317  313  318  316  313  311  306  303  299
  298  297  297  298  299  299  299  299  297  295  290  286  281  276  271  265
  258  249  240  228  220  209  202  196  192  189  185  181  177  176  176  180
  188  201  222  247  273  291  304  311  313  312  309  305  302  298  293  290
  283  280  277  274  275  280  288  297  306
    45.0-180.0 180.0   5.0 450.0                            LAT/LON1/LON2/DLON/H
  310  321  327  328  328  331  335  337  333  336  333  328  324  320  315  311
  308  306  306  308  309  310  309  309  306  302  296  291  287  280  276  271
  265  257  247  236  229  220  213  208  204  199  194  189  185  182  181  182
  188  202  224  251  276  300  316  325  329  328  325  321  319  317  312  310
  303  296  291  285  283  285  291  300  310
    42.5-180.0 180.0   5.0 450.0                            LAT/LON1/LON2/DLON/H
  320  332  339  343  346  353  360  358  356  357  352  347  341  338  334  327
  322  321  320  323  323  323  321  319  316  311  303  297  292  287  282  278
  272  265  255  246  241  233  229  223  219  213  204  199  194  190  187  188
  192  205  226  251  280  305  324  334  341  343  341  338  335  335  332  332
  326  320  312  305  301  299  303  311  320
    40.0-180.0 180.0   5.0 450.0                            LAT/LON1/LON2/DLON/H
  339  350  354  361  370  378  384  383  382  383  379  371  365  360  354  346
  341  338  339  340  340  339  336  332  328  321  312  306  300  295  291  286
  279  274  266  259  256  250  245  241  236  228  220  211  205  199  196  195
  197  207  226  251  280  306  325  336  346  351  351  351  351  351  353  353
  353  349  344  335  331  326  326  333  339
    37.5-180.0 180.0   5.0 450.0                            LAT/LON1/LON2/DLON/H
  369  373  376  383  393  402  408  411  412  414  411  400  390  384  376  367
  362  361  360  360  360  357  351  347  341  333  324  318  311  306  301  292
  286  282  278  273  271  266  263  260  254  244  235  225  216  209  206  203
  202  208  224  247  274  299  320  333  344  351  356  359  362  366  370  374
  378  381  380  374  372  365  361  364  369
    35.0-180.0 180.0   5.0 450.0                            LAT/LON1/LON2/DLON/H
  402  403  404  408  419  427  432  437  443  448  444  435  422  413  401  392
  385  384  383  384  382  377  369  362  354  347  338  330  321  315  308  297
  291  287  284  282  281  278  279  277  271  261  250  237  227  219  215  210
  206  208  220  240  264  288  309  325  337  345  355  361  367  374  381  391
  403  411  419  419  415  409  408  402  402
    32.5-180.0 180.0   5.0 450.0                            LAT/LON1/LON2/DLON/H
  441  439  437  437  448  453  458  463  474  477  480  472  460  447  432  419
  411  408  407  407  404  398  388  378  370  361  354  342  330  320  311  299
  292  288  286  285  285  284  288  291  286  278  264  249  236  227  222  216
  210  208  215  231  253  275  294  312  327  338  349  356  364  374  386  400
  419  436  450  459  460  457  454  448  441
    30.0-180.0 180.0   5.0 450.0                            LAT/LON1/LON2/DLON/H
  487  482  476  472  476  481  484  487  500  507  512  507  499  482  464  454
  440  433  431  427  422  419  407  394  385  375  364  350  337  321  311  295
  283  278  279  276  276  280  288  294  294  289  277  259  243  231  226  221
  213  206  209  220  240  260  279  299  315  327  338  347  356  368  383  402
  426  449  470  484  492  492  491  490  487
    27.5-180.0 180.0   5.0 450.0                            LAT/LON1/LON2/DLON/H
  531  524  519  514  510  509  512  515  525  536  543  539  533  519  498  486
  472  462  454  448  441  438  422  407  395  381  366  356  340  318  303  286
  264  253  255  253  254  262  276  289  293  292  282  265  245  231  225  220
  212  204  202  209  225  245  266  286  303  316  327  336  346  358  375  398
  427  454  475  492  506  513  520  529  531
    25.0-180.0 180.0   5.0 450.0                            LAT/LON1/LON2/DLON/H
  566  564  556  557  551  545  542  545  554  565  570  571  565  552  532  517
  503  490  480  472  463  455  432  415  399  382  366  355  332  305  289  268
  240  225  221  222  224  241  256  270  280  289  281  257  239  225  218  215
  209  200  194  198  212  231  253  274  292  308  319  329  339  350  367  392
  427  452  474  496  513  526  540  556  566
    22.5-180.0 180.0   5.0 450.0                            LAT/LON1/LON2/DLON/H
  592  597  596  598  594  588  580  583  587  594  599  600  595  584  565  549
  533  520  507  497  485  466  440  422  403  383  366  345  312  285  266  239
  216  201  188  191  196  220  231  243  260  274  271  245  222  213  209  208
  201  193  186  188  198  218  241  265  286  303  316  327  336  347  364  389
  422  449  473  496  515  533  552  574  592
    20.0-180.0 180.0   5.0 450.0                            LAT/LON1/LON2/DLON/H
  610  625  632  636  636  634  627  626  624  629  632  632  626  617  600  583
  560  547  534  520  503  477  450  427  401  378  358  330  287  260  236  209
  185  170  167  169  176  197  210  221  233  248  246  222  204  200  199  196
  188  183  177  176  185  207  232  260  285  305  320  332  339  348  366  389
  419  448  474  496  516  536  560  586  610
    17.5-180.0 180.0   5.0 450.0                            LAT/LON1/LON2/DLON/H
  621  641  656  665  672  677  675  673  669  669  671  666  658  650  633  613
  585  570  558  543  522  489  455  424  389  360  341  304  259  231  206  183
  160  149  152  155  165  179  193  202  205  216  211  193  184  186  185  185
  180  175  168  165  171  195  227  260  289  312  329  342  348  355  372  395
  424  455  480  502  520  539  564  591  621
    15.0-180.0 180.0   5.0 450.0                            LAT/LON1/LON2/DLON/H
  617  642  661  678  697  712  720  719  711  706  708  700  690  684  668  642
  613  594  580  564  539  498  454  414  372  335  306  272  230  202  182  163
  145  139  146  153  165  176  186  187  180  185  176  165  162  167  172  174
  171  166  161  156  162  186  223  263  296  322  340  352  361  371  387  409
  440  470  495  516  532  548  567  591  617
    12.5-180.0 180.0   5.0 450.0                            LAT/LON1/LON2/DLON/H
  602  622  643  671  699  726  743  747  742  736  735  732  726  716  701  675
  645  622  599  578  550  503  451  403  358  315  271  232  197  176  162  150
  138  138  148  163  175  184  188  179  170  162  151  145  147  153  160  163
  160  157  152  148  154  179  219  264  302  331  350  365  375  387  404  427
  458  490  514  536  551  564  573  585  602
    10.0-180.0 180.0   5.0 450.0                            LAT/LON1/LON2/DLON/H
  587  598  615  641  679  713  737  755  756  752  753  756  752  744  729  705
  675  644  613  585  553  504  449  396  347  297  247  205  176  160  147  143
  142  148  165  184  195  199  193  183  169  153  141  134  136  142  147  148
  148  148  143  140  146  172  215  262  305  337  360  379  390  404  421  445
  478  509  536  556  572  581  582  582  587
     7.5-180.0 180.0   5.0 450.0                            LAT/LON1/LON2/DLON/H
  579  581  591  615  652  688  716  740  747  749  753  757  761  757  744  723
  692  656  621  588  549  498  442  384  326  273  227  192  168  153  143  147
  153  163  185  203  212  212  201  190  172  150  139  132  133  135  134  134
  138  140  135  132  138  164  204  254  302  341  369  393  409  423  438  461
  492  521  552  575  591  600  596  587  579
     5.0-180.0 180.0   5.0 450.0                            LAT/LON1/LON2/DLON/H
  583  577  581  604  636  669  697  719  727  731  734  739  746  746  736  719
  691  656  618  579  535  480  419  359  301  250  211  184  165  155  153  163
  171  181  203  217  225  219  207  197  176  154  140  135  134  132  129  128
  129  131  127  125  130  152  193  245  296  341  376  404  423  441  455  474
  502  530  563  589  607  618  615  601  583
     2.5-180.0 180.0   5.0 450.0                            LAT/LON1/LON2/DLON/H
  608  594  589  611  637  664  690  707  711  709  708  708  714  716  711  699
  674  641  603  559  509  450  384  331  276  231  199  176  166  164  168  177
  183  192  208  221  228  218  207  198  180  159  145  140  139  136  130  123
  120  121  118  117  122  143  182  234  288  338  378  409  431  451  466  484
  508  534  566  595  622  642  643  627  608
