data/2024_10_7/ionex/IGS0OPSRAP_20241920000_01D_02H_GIM.INX
     1.0            IONOSPHERE MAPS     MIX                 IONEX VERSION / TYPE
tecrms2ionex_2.awk  SRRC/UWM           07/12/24 1107UT      PGM / RUN BY / DATE
Global ionosphere maps for day 192, 2024 (10- 7-2024)       DESCRIPTION
IONEX file containing the COMBINED IGS Ionosphere maps      DESCRIPTION
from the combination of all available IAACS                 DESCRIPTION
Contact address: Andrzej Krankowski                         DESCRIPTION
                 Space Radio-Diagnostics Research Centre    DESCRIPTION
                 University of Warmia and Mazury (SRRC/UWM) DESCRIPTION
                 Oczapowski St. 1                           DESCRIPTION
                 10-957-Olsztyn, POLAND                     DESCRIPTION
                 e-mail:  kand@uwm.edu.pl                   DESCRIPTION
                                                            DESCRIPTION
  2024     7    10     0     0     0                        EPOCH OF FIRST MAP
  2024     7    11     0     0     0                        EPOCH OF LAST MAP
  7200                                                      INTERVAL
    13                                                      # OF MAPS IN FILE
  COSZ                                                      MAPPING FUNCTION
     0.0                                                    ELEVATION CUTOFF
Combined TEC calculated as weighted mean of input TEC valuesOBSERVABLES USED
   262                                                      # OF STATIONS
    31                                                      # OF SATELLITES
  6371.0                                                    BASE RADIUS
     2                                                      MAP DIMENSION
   450.0 450.0   0.0                                        HGT1 / HGT2 / DHGT
    87.5 -87.5  -2.5                                        LAT1 / LAT2 / DLAT
  -180.0 180.0   5.0                                        LON1 / LON2 / DLON
    -1                                                      EXPONENT
TEC values in  0.1 TECUs; 9999 if no value available        COMMENT
DCB values in nanoseconds, reference is Sum_of_SatDCBs = 0  COMMENT
                                                            END OF HEADER
[from data line 1287]
     4                                                      START OF TEC MAP
  2024     7    10     6     0     0                        EPOCH OF CURRENT MAP
    87.5-180.0 180.0   5.0 450.0                            LAT/LON1/LON2/DLON/H
  236  237  237  236  237  236  236  237  237  237  237  238  238  239  239  239
  240  241  241  241  241  241  241  240  240  239  238  238  237  237  237  236
  236  235  235  235  235  234  234  234  235  236  235  235  236  236  237  237
  237  238  238  239  240  239  240  240  240  240  240  240  240  239  239  239
  239  238  238  238  238  238  237  237  236
    85.0-180.0 180.0   5.0 450.0                            LAT/LON1/LON2/DLON/H
  231  231  231  230  230  231  231  232  233  234  235  236  237  238  239  240
  241  242  243  244  244  244  243  241  240  239  238  237  236  236  234  234
  232  231  231  230  230  231  231  231  232  233  235  236  237  238  239  240
  240  241  242  242  243  243  242  242  242  241  241  240  240  239  238  238
  238  236  236  235  234  233  232  232  231
    82.5-180.0 180.0   5.0 450.0                            LAT/LON1/LON2/DLON/H
  224  224  224  224  225  226  226  228  229  231  231  233  235  237  238  240
  241  243  243  244  246  247  246  243  241  239  237  234  232  229  228  225
  224  224  223  224  224  226  227  228  230  233  235  236  239  240  242  243
  244  246  248  248  249  249  247  246  245  244  243  242  241  241  239  238
  237  235  234  233  231  229  227  227  224
    80.0-180.0 180.0   5.0 450.0                            LAT/LON1/LON2/DLON/H
  223  223  223  222  223  222  223  223  223  224  226  227  229  231  233  236
  238  240  242  243  243  244  246  240  238  234  229  226  221  219  216  215
  214  213  213  215  217  220  223  227  231  235  239  241  243  245  246  248
  249  250  252  254  257  257  254  252  250  250  249  247  246  245  243  241
  239  237  235  233  231  228  225  224  223
    77.5-180.0 180.0   5.0 450.0                            LAT/LON1/LON2/DLON/H
  226  225  223  222  220  219  219  218  217  216  216  217  220  223  226  230
  234  237  240  242  243  242  239  236  232  227  222  217  214  210  207  206
  206  206  208  212  216  221  226  232  237  242  248  251  255  256  258  260
  260  262  262  263  266  267  266  264  262  260  258  256  254  252  250  247
  245  242  239  236  234  231  229  228  226
    75.0-180.0 180.0   5.0 450.0                            LAT/LON1/LON2/DLON/H
  231  228  225  223  221  220  216  213  210  210  209  209  211  213  217  221
  227  231  234  238  238  238  235  233  228  222  215  209  205  201  199  199
  200  203  208  213  220  228  236  242  249  257  259  264  267  270  271  274
  274  274  275  275  275  278  277  276  274  272  269  267  265  262  259  256
  252  249  245  243  240  237  235  233  231
    72.5-180.0 180.0   5.0 450.0                            LAT/LON1/LON2/DLON/H
  236  233  231  228  226  222  216  212  208  204  202  199  200  202  207  212
  216  221  226  230  233  231  229  227  220  214  207  202  197  194  196  197
  200  205  211  220  229  237  247  256  265  270  275  279  280  282  283  284
  285  284  285  284  285  285  285  284  283  282  279  277  274  271  267  264
  260  256  253  249  246  243  240  239  236
    70.0-180.0 180.0   5.0 450.0                            LAT/LON1/LON2/DLON/H
  241  239  238  236  233  227  220  214  207  201  195  192  191  193  196  202
  206  213  218  222  224  223  220  218  211  206  199  195  192  192  194  198
  204  212  221  231  243  251  260  270  276  282  286  289  292  293  294  294
  294  294  293  292  291  291  291  290  288  287  285  283  280  277  274  269
  266  262  258  253  250  247  245  244  241
    67.5-180.0 180.0   5.0 450.0                            LAT/LON1/LON2/DLON/H
  247  246  244  242  240  236  228  220  210  201  192  188  185  184  188  192
  197  203  208  213  215  215  212  208  201  197  192  189  190  192  196  204
  212  223  233  243  254  263  272  280  285  291  295  298  301  301  303  302
  302  300  299  297  295  293  292  290  288  286  284  283  280  278  275  272
  268  264  260  257  253  251  249  248  247
    65.0-180.0 180.0   5.0 450.0                            LAT/LON1/LON2/DLON/H
  250  249  248  247  245  241  235  226  215  204  195  187  181  178  180  183
  187  194  198  202  204  204  199  196  190  186  185  185  188  194  203  212
  224  235  245  253  263  272  279  286  291  297  301  304  307  309  309  309
  308  306  304  300  296  293  290  287  284  281  277  276  276  275  272  269
  266  263  260  256  255  253  252  251  250
    62.5-180.0 180.0   5.0 450.0                            LAT/LON1/LON2/DLON/H
  252  250  249  249  248  245  240  233  223  210  200  190  182  176  175  176
  179  185  188  191  191  190  185  183  179  177  180  183  189  199  211  221
  232  243  252  260  268  275  282  289  295  301  306  311  314  316  317  317
  315  313  308  303  298  294  288  282  276  273  269  269  269  268  266  264
  261  258  254  252  251  253  252  252  252
    60.0-180.0 180.0   5.0 450.0                            LAT/LON1/LON2/DLON/H
  250  250  248  248  248  246  244  239  230  219  207  196  186  177  173  170
  172  176  177  178  177  174  173  171  171  172  176  183  192  202  214  226
  236  246  255  262  270  275  283  290  298  306  312  317  322  324  326  326
  325  321  316  309  303  298  289  281  272  267  264  264  264  262  260  258
  254  251  248  247  247  248  249  250  250
    57.5-180.0 180.0   5.0 450.0                            LAT/LON1/LON2/DLON/H
  250  249  247  247  247  246  245  243  236  227  215  204  192  183  174  168
  167  167  167  166  165  164  164  163  164  168  175  183  193  202  214  226
  235  244  253  261  269  276  284  292  301  310  319  326  331  334  337  337
  335  332  327  320  314  307  297  286  276  270  267  266  264  261  258  254
  250  246  244  242  243  244  246  248  250
    55.0-180.0 180.0   5.0 450.0                            LAT/LON1/LON2/DLON/H
  252  250  248  246  245  244  247  246  240  231  222  211  198  188  179  170
  165  163  161  158  157  157  158  159  160  166  174  182  192  201  213  223
  233  242  250  258  267  276  285  296  306  316  327  335  341  347  349  351
  351  347  342  336  329  321  311  300  290  283  279  275  270  267  262  257
  252  247  243  242  243  245  247  251  252
    52.5-180.0 180.0   5.0 450.0                            LAT/LON1/LON2/DLON/H
  258  254  250  247  245  245  249  249  245  238  228  217  205  193  182  173
  166  162  159  155  154  155  156  158  161  166  173  182  190  200  210  220
  229  239  248  257  267  277  288  300  312  325  336  346  354  362  366  368
  369  366  360  355  350  341  330  320  311  302  295  290  283  277  272  267
  260  254  250  248  248  251  254  257  258
    50.0-180.0 180.0   5.0 450.0                            LAT/LON1/LON2/DLON/H
  267  263  256  251  250  250  252  253  250  244  234  222  209  196  186  177
  170  163  161  158  157  158  160  162  165  169  175  182  189  199  208  216
  228  238  248  259  270  281  293  306  319  334  347  358  368  377  382  387
  390  387  382  379  373  364  356  345  335  325  316  309  302  294  286  280
  273  267  263  260  261  263  267  268  267
    47.5-180.0 180.0   5.0 450.0                            LAT/LON1/LON2/DLON/H
  280  274  267  261  258  258  259  260  256  250  239  226  212  199  188  180
  173  169  167  164  165  166  168  170  172  175  180  184  191  198  206  215
  226  238  251  263  275  286  299  312  327  342  357  371  384  395  401  407
  412  411  407  405  402  395  385  374  363  352  341  332  324  315  306  298
  290  285  281  278  279  279  280  281  280
    45.0-180.0 180.0   5.0 450.0                            LAT/LON1/LON2/DLON/H
  293  288  280  274  270  268  270  269  265  256  245  230  215  202  192  183
  179  175  173  172  174  175  178  180  182  184  187  191  195  200  204  214
  226  240  254  268  280  293  305  318  335  352  369  384  398  411  420  430
  433  435  433  433  430  426  416  404  392  379  366  356  346  338  328  320
  311  306  302  299  298  294  296  295  293
    42.5-180.0 180.0   5.0 450.0                            LAT/LON1/LON2/DLON/H
  306  301  294  287  281  280  280  279  274  265  252  237  221  206  196  189
  184  181  180  181  182  185  188  190  192  193  196  199  202  203  207  215
  227  243  259  274  286  299  311  325  342  361  378  395  411  426  439  450
  455  460  462  465  461  457  446  434  420  405  391  381  369  360  352  343
  333  327  321  317  315  309  308  308  306
    40.0-180.0 180.0   5.0 450.0                            LAT/LON1/LON2/DLON/H
  315  311  304  296  291  290  289  287  283  275  261  245  228  213  202  196
  192  190  189  190  192  194  198  200  202  203  206  210  211  209  210  217
  229  245  263  278  291  303  313  328  346  366  386  404  421  439  454  467
  476  486  491  493  491  487  474  463  448  432  417  407  392  384  375  365
  356  348  341  331  328  322  319  318  315
    37.5-180.0 180.0   5.0 450.0                            LAT/LON1/LON2/DLON/H
  323  317  308  301  296  295  294  294  291  284  270  253  236  221  212  205
  202  201  199  200  202  205  209  211  216  216  218  222  221  217  216  219
  230  247  265  280  292  303  315  329  347  369  390  409  428  445  465  482
  496  509  517  522  522  517  505  495  480  464  448  438  424  415  405  394
  384  374  366  353  344  335  331  327  323
    35.0-180.0 180.0   5.0 450.0                            LAT/LON1/LON2/DLON/H
  331  322  309  300  294  294  296  297  294  289  279  263  247  234  225  217
  214  213  211  210  211  215  220  223  229  234  234  236  234  227  223  222
  230  246  264  279  292  302  313  327  345  367  388  410  428  450  473  494
  512  531  542  550  552  550  540  532  517  501  485  474  464  455  445  436
  427  412  400  384  367  354  349  339  331
    32.5-180.0 180.0   5.0 450.0                            LAT/LON1/LON2/DLON/H
  345  330  313  300  289  289  294  296  294  292  285  273  260  248  239  235
  231  228  223  223  220  224  234  240  246  255  255  255  249  238  230  225
  229  242  259  274  287  297  307  321  339  358  382  405  426  450  479  504
  524  544  562  575  580  583  580  575  559  544  529  521  512  505  496  489
  476  462  446  425  408  385  369  359  345
    30.0-180.0 180.0   5.0 450.0                            LAT/LON1/LON2/DLON/H
  366  347  326  310  292  285  289  292  292  293  290  282  273  262  255  252
  248  244  238  235  231  237  249  260  269  281  279  274  265  249  238  229
  227  235  250  263  276  289  301  313  330  350  373  396  420  450  480  506
  531  556  579  597  609  620  625  623  609  594  582  576  568  565  558  554
  542  524  507  478  452  425  406  390  366
    27.5-180.0 180.0   5.0 450.0                            LAT/LON1/LON2/DLON/H
  403  374  351  331  312  296  292  290  290  295  297  291  283  276  270  268
  263  259  251  247  244  251  264  278  293  304  300  291  277  260  245  231
  221  224  233  246  263  277  291  305  322  342  364  386  416  447  478  506
  536  566  593  617  638  654  667  668  658  646  637  634  632  630  628  629
  617  601  574  543  512  480  457  434  403
    25.0-180.0 180.0   5.0 450.0                            LAT/LON1/LON2/DLON/H
  456  421  391  370  347  326  314  301  298  306  305  301  293  288  284  282
  278  271  263  259  259  264  276  293  312  321  317  302  283  264  245  226
  209  205  212  227  247  265  282  298  317  337  357  378  409  443  474  507
  542  574  604  635  664  684  698  702  698  692  687  690  693  696  697  704
  694  678  644  611  583  546  518  492  456
    22.5-180.0 180.0   5.0 450.0                            LAT/LON1/LON2/DLON/H
  516  485  453  432  403  378  354  335  324  326  324  317  307  302  298  297
  292  289  280  275  275  280  292  309  329  336  328  305  280  258  236  215
  194  185  188  206  231  253  274  293  315  333  355  378  406  440  474  511
  550  583  613  642  672  694  705  714  718  720  720  725  731  744  751  761
  758  739  706  677  642  604  579  551  516
    20.0-180.0 180.0   5.0 450.0                            LAT/LON1/LON2/DLON/H
  571  548  532  511  481  453  420  391  365  355  348  340  328  319  313  311
  310  308  302  296  292  300  311  325  342  344  327  301  269  241  217  196
  174  163  166  184  213  243  268  291  313  333  357  383  412  444  478  517
  556  589  615  639  663  683  694  706  713  716  720  727  735  748  764  773
  775  760  739  715  681  648  621  600  571
    17.5-180.0 180.0   5.0 450.0                            LAT/LON1/LON2/DLON/H
  605  593  590  583  565  539  503  464  420  393  378  369  357  342  331  328
  328  329  323  316  309  316  327  336  344  338  316  281  247  218  193  174
  151  139  144  165  198  233  263  291  313  334  361  389  420  451  487  526
  560  586  606  623  641  659  672  682  688  691  694  702  710  725  744  752
  752  741  730  712  690  662  645  626  605
    15.0-180.0 180.0   5.0 450.0                            LAT/LON1/LON2/DLON/H
  614  612  614  618  616  601  580  534  481  436  416  400  384  368  356  349
  347  345  339  328  321  325  333  334  330  316  290  253  213  188  167  150
  129  116  125  150  185  225  261  291  314  337  365  395  427  460  499  534
  565  583  594  605  617  631  641  649  653  657  660  666  676  689  709  717
  718  708  696  679  666  648  640  628  614
    12.5-180.0 180.0   5.0 450.0                            LAT/LON1/LON2/DLON/H
  597  595  599  612  618  625  607  570  520  478  451  435  415  395  381  370
  363  356  348  333  323  323  323  317  305  285  257  217  184  159  143  125
  110  100  111  137  174  218  257  289  314  340  369  399  432  470  509  547
  572  582  586  591  596  605  612  617  620  622  626  632  641  654  671  681
  683  674  658  642  634  624  619  610  597
    10.0-180.0 180.0   5.0 450.0                            LAT/LON1/LON2/DLON/H
  568  559  555  557  573  593  591  568  528  497  477  463  443  422  405  389
  376  359  348  329  314  308  301  293  279  256  225  188  158  137  123  107
   95   90   99  127  165  209  249  282  309  338  368  397  436  477  519  557
  579  584  585  585  588  592  599  601  602  604  606  612  619  629  642  652
  658  649  632  617  610  602  595  584  568
     7.5-180.0 180.0   5.0 450.0                            LAT/LON1/LON2/DLON/H
  541  522  503  494  502  522  530  522  495  482  476  470  458  441  423  405
  383  354  338  316  297  283  278  268  252  227  195  162  137  118  106   96
   87   85   94  116  155  198  235  270  303  332  360  393  434  479  524  561
  582  589  589  593  596  599  603  605  606  607  608  611  615  620  631  642
  649  643  626  612  599  586  577  560  541
     5.0-180.0 180.0   5.0 450.0                            LAT/LON1/LON2/DLON/H
  526  495  460  433  424  436  443  433  430  433  441  448  450  441  427  411
  384  348  327  296  276  260  253  240  223  198  169  141  119  105   96   89
   84   83   91  111  145  184  222  259  293  322  350  385  426  473  520  557
  583  594  600  608  613  616  621  623  627  628  627  627  627  632  640  651
  658  654  642  625  605  588  570  553  526
     2.5-180.0 180.0   5.0 450.0                            LAT/LON1/LON2/DLON/H
  533  493  441  394  363  358  357  350  349  363  382  403  418  416  413  399
  373  335  311  275  253  238  229  216  197  174  148  124  106   95   90   85
   82   81   88  107  136  172  209  245  281  310  338  372  413  459  502  547
  580  599  615  627  633  640  647  653  658  663  660  657  654  660  667  676
  683  681  671  654  628  607  584  562  533
